10 seconds
N		Primes
10		4
100		25
1000		168
10000		1229
100000		9592
1000000		78498
2406633		372252
20 seconds
N		Primes
10		4
100		25
1000		168
10000		1229
100000		9592
1000000		78498
3071619		506813
40 seconds
N		Primes
10		4
100		25
1000		168
10000		1229
100000		9592
1000000		78498
0		648681
60 seconds
N		Primes
10		4
100		25
1000		168
10000		1229
100000		9592
1000000		78498
10000000		664579
12081031		1046351
80 seconds
N		Primes
10		4
100		25
1000		168
10000		1229
100000		9592
1000000		78498
10000000		664579
13158171		1243803
100 seconds
N		Primes
10		4
100		25
1000		168
10000		1229
100000		9592
1000000		78498
10000000		664579
13976149		1393598
