10 seconds
N		Primes
10		4
100		25
1000		168
10000		1229
100000		9592
1000000		78498
2414889		472109
20 seconds
N		Primes
10		4
100		25
1000		168
10000		1229
100000		9592
1000000		78498
0		612401
40 seconds
N		Primes
10		4
100		25
1000		168
10000		1229
100000		9592
1000000		78498
10000000		664579
11920593		1133467
60 seconds
N		Primes
10		4
100		25
1000		168
10000		1229
100000		9592
1000000		78498
10000000		664579
13090711		1420328
80 seconds
N		Primes
10		4
100		25
1000		168
10000		1229
100000		9592
1000000		78498
10000000		664579
13889043		1615513
100 seconds
N		Primes
10		4
100		25
1000		168
10000		1229
100000		9592
1000000		78498
10000000		664579
14574879		1781486
