10 seconds
N		Primes
10		4
100		25
1000		168
10000		1229
100000		9592
1000000		78498
0		544809
20 seconds
N		Primes
10		4
100		25
1000		168
10000		1229
100000		9592
1000000		78498
10000000		664579
10756933		892266
40 seconds
N		Primes
10		4
100		25
1000		168
10000		1229
100000		9592
1000000		78498
10000000		664579
12483601		1423530
60 seconds
N		Primes
10		4
100		25
1000		168
10000		1229
100000		9592
1000000		78498
10000000		664579
13453969		1715876
80 seconds
N		Primes
10		4
100		25
1000		168
10000		1229
100000		9592
1000000		78498
10000000		664579
14202789		1946268
100 seconds
N		Primes
10		4
100		25
1000		168
10000		1229
100000		9592
1000000		78498
10000000		664579
14831905		2137076
