10 seconds
N		Primes
10		4
100		25
1000		168
10000		1229
100000		9592
1000000		78498
0		617635
20 seconds
N		Primes
10		4
100		25
1000		168
10000		1229
100000		9592
1000000		78498
10000000		664579
11376663		1166011
40 seconds
N		Primes
10		4
100		25
1000		168
10000		1229
100000		9592
1000000		78498
10000000		664579
12718005		1660110
60 seconds
N		Primes
10		4
100		25
1000		168
10000		1229
100000		9592
1000000		78498
10000000		664579
13612833		1986276
80 seconds
N		Primes
10		4
100		25
1000		168
10000		1229
100000		9592
1000000		78498
10000000		664579
14338663		2250933
100 seconds
N		Primes
10		4
100		25
1000		168
10000		1229
100000		9592
1000000		78498
10000000		664579
14949561		2474483
