10 seconds
N		Primes
10		4
100		25
1000		168
10000		1229
100000		9592
1000000		78498
10000000		664580
10190943		738097
20 seconds
N		Primes
10		4
100		25
1000		168
10000		1229
100000		9592
1000000		78498
10000000		664580
11645149		1365143
40 seconds
N		Primes
10		4
100		25
1000		168
10000		1229
100000		9592
1000000		78498
10000000		664580
12862681		1884963
60 seconds
N		Primes
10		4
100		25
1000		168
10000		1229
100000		9592
1000000		78498
10000000		664580
13648729		2213394
80 seconds
N		Primes
10		4
100		25
1000		168
10000		1229
100000		9592
1000000		78498
10000000		664580
0		2520788
100 seconds
N		Primes
10		4
100		25
1000		168
10000		1229
100000		9592
1000000		78498
10000000		664580
0		2750240
